10 -669782.571902
10 -668694.904289
10 -670071.890304
10 -669653.120679
10 -670336.227485
10 -669101.009199
10 -669688.048638
10 -669349.599116
10 -669581.231284
10 -668777.966215
11 -664113.555553
11 -663508.343442
11 -664613.940727
11 -665858.90612
11 -664762.092081
11 -663982.688025
11 -664818.674102
11 -664197.159517
11 -663320.756894
11 -665209.741317
1 -780497.422655
1 -780497.422655
1 -780497.422655
1 -780497.422655
1 -780497.422655
1 -780497.422655
1 -780497.422655
1 -780497.422655
1 -780497.422655
1 -780497.422655
2 -741743.121142
2 -741743.129915
2 -741743.126363
2 -741743.11389
2 -741743.135846
2 -741743.147414
2 -741743.114701
2 -741743.133548
2 -741743.138932
2 -741743.151917
3 -717593.862003
3 -717593.861115
3 -717593.902953
3 -717593.907513
3 -717593.889228
3 -717593.865957
3 -717593.883583
3 -717593.862063
3 -717593.88458
3 -717593.830698
4 -704889.453124
4 -704889.431504
4 -704889.443058
4 -704889.417456
4 -704889.443325
4 -704889.430829
4 -704889.439696
4 -704889.447337
4 -704889.431989
4 -704889.406919
5 -699314.343947
5 -698645.986255
5 -697893.425744
5 -698563.098823
5 -698570.063175
5 -697893.03317
5 -699408.23202
5 -698708.748064
5 -698500.219436
5 -698636.900311
6 -692759.560102
6 -692195.97297
6 -693396.808005
6 -693071.402651
6 -692242.662354
6 -692590.585821
6 -693122.270717
6 -693249.911025
6 -691609.692108
6 -692942.41464
7 -686664.554241
7 -685694.556938
7 -686351.203905
7 -685624.450879
7 -686033.89635
7 -686370.807288
7 -686322.614913
7 -685732.048894
7 -686847.99919
7 -686621.775006
8 -680345.727232
8 -680350.076063
8 -682048.392767
8 -682135.719172
8 -680444.139593
8 -681017.481805
8 -682737.053192
8 -679968.695699
8 -680285.142633
8 -681667.676774
9 -675870.548885
9 -674297.648552
9 -674590.085771
9 -675053.384343
9 -676281.048617
9 -676071.973221
9 -675025.273841
9 -675722.197448
9 -675415.575686
9 -675200.15107
