81711
149053
181808
315465
315472
340477
362303
464890
511869
511874
557830
561792
566602
608268
608295
610209
667934
713317
781248
798121
883583
921331
1163655
1165481
1329117
1442984
35579
36234
161814
161830
199941
199964
207595
247788
247799
309619
372561
373057
373060
383292
421875
561782
561790
599578
605766
622363
629440
705745
705753
710921
710932
751595
792204
803311
835742
841002
899799
949179
949184
1116521
1174658
1174673
1175142
1175146
1263619
1285111
1340652
1346708
1353342
1354268
1354271
1372236
1373184
1469298
1469299
1498389
1514118
1611869
1616902
1617278
1622481
1622488
1659725
1659727
1690037
1690055
1760538
1760544
17841
36720
40023
52798
52801
56883
85311
85325
90569
111592
122298
122312
140379
140382
162230
167940
192601
193514
217126
222644
222647
251129
257030
266374
290377
310391
425807
532223
601408
638528
719452
723180
884389
1091996
1092003
1110917
1120670
1122301
1162146
1168732
1174818
1245620
1259985
1263913
1263919
1269392
1274245
1274256
1478525
1529010
1533904
1534647
1534648
1566373
1643759
1694872
1703033
8632
8652
19098
34501
34508
49874
74468
83451
90231
100294
113157
213247
367402
380756
396262
400015
412756
421051
422694
423802
430532
576186
579201
606003
609122
613239
620015
635111
637109
637130
664178
785938
851074
851096
937927
1011522
1073633
1073635
1073647
1073654
1129319
1147168
1162017
1166086
1166109
1171993
1172482
1189325
1229448
1334139
1359481
1493419
1493426
1493441
1551789
1551811
1562132
17718
32681
32689
40296
50066
81774
167987
288421
288423
329238
329241
415630
572202
613971
613980
616862
673481
693815
712380
729554
729561
730150
859812
904762
914001
914017
962209
1035078
1051316
1051337
1134925
1151257
1234596
1240107
1240115
1269605
1273979
1318761
1318768
1352310
1420318
1504912
46175
64708
64731
82558
82581
82584
166680
194749
255018
255027
261119
261125
261143
296502
376858
377905
380891
394222
394241
415632
430033
628445
659303
663480
785872
832981
836365
838676
901149
909341
914127
930319
960604
970603
994528
994530
1052950
1103078
1123446
1123466
1193518
1222926
1222951
1257776
1345982
1345996
1514794
37856
37883
54778
138893
147308
147320
159544
181895
190754
190765
467105
561170
573560
602791
602809
602816
603349
605830
605833
605834
622186
638797
639429
645776
661944
662221
668590
669373
704167
758706
758842
824711
829605
833983
834855
890819
956155
956178
959506
1046394
1064178
1064201
1082999
1187811
1200923
1218448
1267802
21270
24702
30581
35358
68876
77090
77111
79846
94475
96021
96030
174185
215000
276210
276212
276804
276809
450216
450227
450230
505925
519622
540396
545480
628237
630845
698847
726017
726021
733764
755285
806640
880296
886981
961399
965634
1337188
6031
9551
9554
41433
50620
50629
57114
57130
58676
89746
158947
170555
189666
275832
328470
414108
476031
476038
493750
493751
503055
520808
520819
749503
756462
808130
810385
810386
821729
871933
884379
919828
921436
921439
969079
976635
1197007
1197009
1197017
1200890
1240937
1285899
1285906
1330089
164612
185165
185536
254144
276781
295732
314429
338100
341019
395340
550179
593397
658625
663534
675943
686706
696063
702306
766997
780991
858739
868259
874796
874818
904280
922204
946034
950279
950289
953020
953026
955863
955865
1013653
1013654
1039432
1047853
1148529
1173670
1173673
1186627
1188319
1208456
1267260
1287242
1328983
1328992
1329003
1329005
1376181
18474
51169
61521
62144
81323
93260
120163
120169
131784
131809
171563
220370
237935
243444
256952
275668
293852
323824
324651
327977
363473
421593
421604
565541
585098
618253
620322
693978
697334
701809
864111
907974
979973
992629
992641
992642
1014621
1016494
1019860
1133957
1133979
94668
94669
94670
178342
192110
360689
360693
377939
377951
377963
381381
381382
382041
382047
385489
385491
438567
454656
487712
489886
524242
536774
555763
660671
776595
795712
809477
832539
907282
918694
940966
940978
950887
987241
992469
995074
1015999
1042249
1123577
1164629
1164631
1182830
1185473
1227386
1227431
1227456
1241132
1241846
1258683
1317073
82988
82992
100017
110573
126452
134746
258867
278531
287393
596792
680008
680011
798982
859459
960892
962515
983924
983936
1080344
1142855
68969
90538
95004
110285
114432
135408
137387
257701
360675
444629
533052
593381
593388
735980
866482
885142
887583
888075
890411
908804
916882
918685
1039800
1050042
1092904
1124026
1164265
1175902
1176543
1242245
1270727
1277739
34447
34454
56822
114019
167495
179759
267379
293528
343078
351695
490531
535642
539177
626864
626873
769265
827140
827141
926091
1040356
1040376
1084979
1085694
1149761
1176217
1181502
17086
18653
18802
28580
40952
159722
159724
180516
357026
357039
359238
360317
376844
411272
498354
498357
504916
504926
504938
619539
631497
710303
714737
806129
816704
825373
856576
920555
950088
962486
1025998
1030397
1030400
1112923
1116947
1132444
1234630
1234644
1250510
1270545
1285951
1290565
86952
86961
453550
505451
549780
570244
610027
628844
631168
999041
1063574
1207940
69589
69597
84800
167617
209274
209915
217676
231696
238171
238176
238183
239732
239744
353740
476306
476322
630662
630669
659013
670231
670236
680133
687775
693548
703006
703030
712337
714003
732521
749310
749332
769365
798154
841231
841240
872747
872753
872754
872756
872760
874822
877599
901815
967361
971733
1028446
1057800
1058632
1086947
1086953
1144634
1207630
39016
39839
42957
63977
121247
143339
149343
230186
236900
412893
423368
423373
423392
476076
567625
568418
569199
640676
685156
729334
732037
732223
752741
762665
774528
777063
792663
805278
815002
815265
903654
913109
938626
938627
939473
939947
939949
944103
1108705
1111068
39504
39509
55298
146031
244466
386083
411675
411731
411741
412420
422168
426944
441163
441167
442486
442489
442499
479816
593905
594940
635444
642018
702614
706060
706070
768864
772294
852064
852076
868177
952112
977490
977503
979696
980577
980587
980975
980988
1014123
1034617
1123318
20164
67806
151365
151371
164746
245906
267640
268494
291348
291368
299019
323083
349367
354293
354319
395891
403534
437101
437102
447766
447795
463860
497618
524289
688791
688795
772556
854714
854715
881039
894347
894355
973950
1008744
1008751
1008752
1108610
1123490
1153387
1188477
203336
303109
303111
321344
321346
324118
324134
330839
331446
331460
411473
411896
411923
492183
519872
522554
604652
613087
614156
615096
615113
621216
621227
631448
652986
710380
714063
714201
736341
815442
832366
832756
899892
900537
901385
901787
902908
919850
919860
932161
937824
937825
956182
958934
977346
977358
978514
978530
1085232
1085237
1117366
1159120
127254
133233
142618
179966
185530
200544
244802
244815
309151
309152
339391
347577
347583
378701
393799
417067
610855
611534
611609
638781
700270
700276
733080
818880
818881
821385
847798
889106
890801
932984
1080176
1091387
341977
422013
452131
452503
502681
502683
659027
659035
659044
659227
682516
684115
691878
719584
719591
719596
798077
812042
812055
836075
840978
841046
847703
847708
881305
946397
1125411
1125420
1131594
27313
27321
27333
30105
34789
34803
36269
76160
83140
83149
116500
148100
210883
224312
284024
298758
298962
404892
478289
567375
567398
578170
643187
663759
663764
685525
709600
709612
709622
709626
790106
792055
846402
846404
846406
898691
993421
993444
1021380
1021392
1066519
1066590
1097453
95719
95725
95733
142757
153257
204633
248794
275188
329099
398655
407749
438279
463244
482054
482056
482065
482073
529916
534934
627123
797854
165542
171219
239701
305743
305744
325760
325761
358035
366914
416781
507139
610658
740314
741838
741861
745857
944090
1003914
1006535
89802
185970
260814
300836
300858
410000
433563
446750
446772
475396
475400
475407
475420
475421
499709
499721
519930
645913
766931
778450
953335
963686
970092
1023841
1024270
1028337
1065112
1065114
44736
46771
85320
139339
238338
483717
509734
719663
728954
754579
763774
764530
801272
821234
821235
998057
37564
44344
79661
125873
142395
160899
162408
172066
186255
237612
237623
240306
254383
256688
256689
289277
289863
325254
370547
407108
598237
687484
687580
687582
782112
910725
987550
987577
1017322
1017761
1028147
1028149
109926
127274
240692
347419
427715
460921
460945
469979
487211
495910
512578
568445
637015
637673
691155
713994
738661
768325
771024
817803
817815
896700
1002262
42216
87576
303550
330380
330569
330582
377752
380433
429416
442984
449419
456891
459923
459930
523174
526847
547508
563659
563678
604119
623681
625761
631601
645350
674720
688099
691563
849051
849056
873931
873933
924197
935549
963187
970829
976039
989856
3430
6213
95283
95297
127070
149076
149086
173032
362766
364010
364029
396711
438567
438578
442055
453389
459104
459125
470685
493847
500301
605666
610005
610029
620201
622150
622152
622170
622177
636999
642753
649578
652766
684561
684568
702562
705092
705096
747152
758335
765053
765059
888410
237101
246203
305515
317827
351929
399294
402173
402262
407245
424760
437800
437823
440207
450775
453672
453676
599383
671067
671073
737471
741288
864135
865070
906789
906798
924984
945884
990375
993382
1004169
1025454
52323
171938
259485
289815
289829
378807
399106
404641
405028
405043
414090
449607
449610
449630
475114
475136
542962
634575
675568
712432
728386
728406
766195
771692
801821
801825
806149
893387
966579
968446
50810
50835
52871
55196
100975
124851
124858
124871
124959
164234
238279
240543
241187
285699
299637
299639
299705
351235
630144
693355
694897
745435
745860
758282
758304
759579
976079
988059
108859
282646
294884
294893
537117
638699
638710
640807
952117
1013464
120285
209715
209720
209768
221433
235842
353109
404010
418661
419367
498732
799573
801482
806149
839288
867717
932098
1001975
14665
35808
70458
102169
107668
108966
108976
128285
134310
185981
192190
192213
225415
231676
241683
252225
275750
275752
330324
334926
347284
545020
545030
551579
835443
69559
126539
141561
141620
154790
155404
171795
177016
177024
185981
208952
208953
238471
243641
261841
265232
266146
452136
507747
511411
528606
528627
647382
647404
677394
680238
680371
736610
758834
806384
806392
909492
957978
48715
142610
142634
142640
172356
225721
245568
305945
312809
334335
346714
378032
384361
384382
384383
398801
456362
456378
502709
525192
550566
583668
615831
616293
624862
652695
652835
652973
655937
750782
774565
905173
907176
161969
377011
410724
414564
414834
441902
538780
689712
747646
747668
866124
902766
29783
117314
117316
182290
266537
340937
340939
346326
346331
376757
376769
442121
452095
601668
604547
655711
723647
723656
723663
825934
825943
827534
833726
880895
18163
37780
37784
42667
68111
85395
85404
85412
160570
185080
217543
230528
292643
302178
319123
337890
337910
351223
390219
396823
396830
398140
474303
479573
479579
486508
490798
492594
530077
638521
653657
675106
676855
700339
715420
715421
715430
718786
857421
84025
86586
86951
192408
323537
323542
541270
573819
584526
655356
687141
691986
691990
765581
787323
114030
114032
157184
163298
177057
218813
250365
251767
411891
431225
478942
574799
626128
655290
42879
89501
142417
142418
142421
419183
426694
426703
573866
617863
647918
820159
70079
70081
79787
86017
127459
166646
166661
189469
267970
345315
464828
511036
579897
684067
684090
694310
700071
719516
720059
720064
770072
36651
56636
56661
71757
107307
165997
175603
319798
330368
396529
402151
419867
462711
549804
575564
579559
634660
648665
685911
701949
701950
731481
744948
744971
746089
764309
770476
780568
784010
797040
797044
811150
811156
831973
69588
69590
77243
79689
144952
152458
155674
162752
234265
234277
236598
334580
342032
345442
489574
525091
525371
535588
546361
546363
604877
644656
658358
741806
741815
741830
743154
770307
772949
782560
865735
866175
235474
235475
265637
265885
265887
299700
345711
345719
396879
396886
408212
408239
426433
426442
426445
438532
453494
453515
455514
484867
535398
584778
594248
599486
602870
604351
604356
613754
620431
649146
656335
731776
734138
765500
765525
838272
60233
116349
116350
116374
166540
166557
166559
168236
168479
174222
174347
175448
184422
318639
351174
375817
403316
405062
429973
472919
122978
138393
173078
198402
198418
198438
214335
224678
227328
227342
257829
257831
332664
340051
340058
429552
429568
576479
576953
604011
604017
674394
83477
83478
109224
125745
126300
129939
130129
130139
130141
176482
181909
182631
239983
241651
293649
300083
377568
397122
399060
400952
400966
422578
429418
429442
528270
547427
611044
611471
625064
625065
657279
726910
748312
758596
781399
316296
339849
339856
378548
550718
576248
582023
624094
625885
634048
640111
650722
762366
767746
839644
43705
100940
184343
218024
218179
263087
307408
308124
308135
317399
367513
367526
390597
401094
693959
814577
814592
144830
144839
155284
155291
173233
215456
233268
271009
300921
303268
310334
316758
318145
429259
429271
575175
600416
600421
638604
638615
652848
652849
652859
728262
730935
738378
738401
803192
820610
65823
65826
177145
177804
242379
255956
301878
301902
326554
370847
370848
435916
435942
517681
601745
601910
601911
633689
633693
709723
732101
732109
757751
780778
13884
15076
16111
41653
70549
73186
73194
84070
136402
136414
159336
164813
191584
197791
220367
220384
220691
269485
290341
294694
365280
381443
534334
537348
547702
547704
549250
557136
843446
843458
7145
7146
7154
7155
145142
366056
456163
492873
512777
553994
555099
572449
601602
633197
748340
773849
51041
70315
70321
70331
79707
222282
223616
223624
232709
240961
243040
251520
259432
275482
285376
285386
285394
301837
322663
333677
333686
381903
390736
500854
502355
503406
503408
503420
504910
504932
578697
579570
582640
595944
679266
710412
710415
710438
754348
763651
764594
764599
137656
140852
265326
265327
385853
579790
585191
585217
638297
649269
684567
711143
803369
813896
813897
24825
26940
38808
38829
79386
84344
244092
244108
283869
295853
310079
310088
484218
484228
514438
552400
589006
589008
649987
649991
14710
14735
126235
167397
167398
167641
168272
180314
191640
191660
195755
219080
223442
223917
250665
295192
295195
346545
613944
617311
703985
722730
761384
789814
26036
136858
151889
158715
164397
227782
274496
314247
329597
329607
329615
329616
329872
329887
409335
427302
447741
458549
495592
499725
500467
502340
542385
621672
621675
70954
185306
220645
274677
301071
301082
324068
342785
343190
343191
377617
424978
433765
433774
492522
492534
601132
601332
653600
655277
664517
753942
768519
768523
30261
33331
58709
92377
112374
113476
231917
245193
254368
254374
256692
268810
286275
321208
333957
340779
341506
367800
442921
445452
447372
488540
497848
497849
539373
541043
542353
609992
610011
648252
648259
650864
650888
687269
796412
36502
48211
48218
48222
63000
89123
108188
108189
108190
110987
123864
166235
185931
186228
263843
284547
284567
302875
314655
338637
338660
457510
546229
590788
661947
678430
678438
713124
713126
745721
748879
785219
785232
31846
45111
45113
143276
224050
278641
442008
501681
502715
525449
534357
534368
535531
600031
607972
634672
681889
689644
714679
728158
729285
729288
729296
50649
90775
90789
177204
177448
180489
187471
204766
241425
241430
408748
566750
566771
589984
604940
607266
696774
34002
34017
46553
46565
53085
206052
371912
495307
527519
586502
627943
627950
726771
737751
798822
3728
36150
81415
107677
125584
165621
177379
178989
279190
290090
290148
357291
389720
464328
472998
485044
526740
653133
672590
707195
707208
710535
716780
716781
87914
174964
176812
176829
222213
265155
298220
327495
327499
327514
369597
591651
618620
633727
653944
658256
661618
737559
737566
737679
757313
16953
16960
128422
152061
173474
197840
253616
255567
255581
378981
383824
415313
424178
476476
477331
488305
510928
543356
555954
555975
558447
560886
583079
588115
588124
591424
591432
608017
653507
653515
752576
760943
26198
26386
77732
261369
311827
330421
352761
362417
397230
478514
516070
516645
560756
566191
623738
663729
663745
770660
4452
6955
33221
53396
80194
97552
100233
100981
100983
127231
203795
214740
214768
253717
263130
263131
298256
408516
427864
527179
651646
694779
7624
230886
334984
336218
371890
426032
634431
654031
654037
654044
654692
654698
654715
73787
84322
89329
91247
102639
102642
113822
118753
118848
118849
140063
293940
469558
712291
3271
3275
13965
56053
102115
104432
163263
186757
186770
186779
200369
214620
224893
230236
240695
248683
251538
466855
500076
500185
503661
538250
538270
580626
603212
614585
656098
676561
677580
84918
84936
148943
199835
250342
250813
293338
307779
336049
336051
393095
436838
438492
438506
470702
529685
530353
547699
547720
617872
617882
623574
646416
678237
690324
123880
123892
125297
125307
125320
205479
218802
218830
241852
241873
241879
243483
243486
250070
273926
273929
280156
282412
304207
356679
361792
361795
404662
460825
488329
488349
535660
691904
709301
61572
64088
143532
147092
179957
213707
213713
250981
316728
350160
350170
528238
528260
548368
551506
557722
574661
588502
653342
653349
653350
667287
20147
27231
48304
92058
92075
92581
94343
94347
94356
95563
202690
331159
447082
447085
456197
456212
469244
534698
690424
99547
114690
125976
125979
256476
369748
369765
376931
376940
376955
398429
413491
413509
454313
459059
460549
589425
589429
604759
604765
604766
629514
658811
704647
725880
35373
106086
127561
165298
249135
260344
446622
481546
563227
563228
98522
106301
173879
177198
177199
295528
295530
373340
481721
486923
486942
492052
492057
559060
573454
586512
586523
683444
11985
233922
235806
327319
331383
504465
552032
662024
35085
35153
156000
289753
512641
567050
613825
675703
675716
39147
124387
144402
144768
144792
170145
175110
194433
195039
201806
271450
311718
311735
336684
369345
369346
399676
407487
407497
409834
418799
439540
569845
587513
644098
114826
136462
146124
195268
195291
243071
256961
313146
313161
458577
458582
458597
458870
572120
605291
605317
606279
626518
633173
668952
691288
694646
79715
85485
90923
96765
96776
96777
174770
178607
179184
312776
312797
312798
322707
367110
395130
395134
660476
675373
689496
146739
261986
269041
269042
269056
300638
330322
576722
46473
60887
70001
83532
93593
101709
101847
128154
135837
143354
201941
220935
245204
245232
249722
334008
479761
659697
39852
42615
79905
93524
131063
131071
138506
138675
302145
314386
455136
455153
459651
459658
630334
665467
23559
54518
128299
128303
172360
173032
173041
173256
182378
187570
189998
309917
347493
396790
423243
423256
440110
456376
556564
560228
600970
600984
618908
619022
643734
646341
660432
660438
5343
5720
227031
248312
252958
426635
529218
569036
582012
76193
100121
211800
211807
346772
429527
453435
477994
485066
545415
597239
621017
634911
661511
30157
109339
114739
140925
151119
156365
156377
156388
165269
165271
173159
192240
230657
257238
265603
265633
272630
272642
290435
340927
353673
399923
399934
402538
650292
650294
650298
8402
71150
71155
77339
104051
313125
317597
317600
346361
362494
504847
544092
605907
608182
608205
617101
629296
629312
647605
647629
21290
64476
117492
132302
167729
169973
173546
173564
280151
479767
489969
498751
610551
655582
53741
55474
56235
108693
112081
121450
121790
204120
224516
258542
266996
267452
289981
316604
326939
401913
401922
422845
451337
463858
468695
498206
504558
505232
527734
528622
528624
537922
542922
553794
554651
587323
587347
656938
194694
230809
315645
322351
331030
341342
341361
367952
446668
558428
560234
561104
630476
73864
259193
341412
342246
359846
377401
380305
400021
465814
485621
598216
57737
74025
104595
105855
200458
242829
242831
242841
285538
369212
421166
449171
459159
564435
14853
16581
16589
86506
96443
266438
292416
295283
300769
334276
395779
396361
406426
406437
449518
464058
467488
472176
490904
521138
522629
540981
541000
13600
13602
24427
34193
40966
100097
100104
103290
123992
129984
343441
343447
348766
348781
419563
528278
539987
575193
575205
83651
92659
145880
186971
190782
265759
265777
341773
376354
384032
397748
398109
453852
473078
474857
475877
476991
656339
19120
198617
198640
203789
404467
428221
488175
94461
94463
122991
370288
385760
386668
390639
480192
490612
85414
114987
132518
148975
530535
572794
597549
31872
79942
97920
97943
102884
153553
161642
209731
225316
235586
235592
332635
415385
451058
465061
14350
58851
190645
217280
231542
281148
289341
411649
425187
427887
428771
431873
431874
513554
513555
545467
626295
81572
85317
90166
134872
156100
197958
202358
306681
307573
500993
514162
600778
607339
639983
633528
15141
49749
61814
167030
174756
176769
176790
199643
250527
268050
276080
357274
358972
361540
376748
59998
149433
151056
152579
167770
172788
175387
175391
202553
203312
208116
474751
474764
553359
555506
598171
139336
214682
214694
340530
346218
424270
432450
432496
441265
447288
447441
447448
495381
546310
563834
581525
619249
628035
628543
635583
9039
41543
63244
159279
276162
279425
280224
326538
333346
333528
419987
480356
539605
15258
25040
49926
49927
54413
74652
83267
94254
97453
101441
111110
194105
194106
236622
247138
247974
247975
248062
262740
292329
312088
327944
327945
393699
393830
449955
453113
596643
2659
33497
88459
117966
156354
163870
163882
457644
507700
540097
25130
41410
73156
76411
163444
163632
170342
205195
227566
272826
272851
284825
403198
5046
68419
117406
120618
120622
130373
130375
277786
316588
437015
511940
606765
616268
25761
28418
28426
139807
152557
160109
160369
161351
173037
187974
199638
287926
293697
304498
304581
465279
487010
4682
48140
48141
169030
169045
169394
169398
169407
268137
296442
505497
527078
546960
556457
556926
613223
50280
50296
69859
187931
214894
260184
269892
272197
326594
326617
326618
408232
408239
428462
471437
524837
544276
578869
578870
604338
30691
30700
34239
34240
40863
42587
74575
410611
411950
88628
105159
191198
191200
199931
247861
292435
338173
339441
361330
428612
441616
441640
463202
472826
502431
502434
502923
502924
580092
604906
94781
99345
125074
275227
299296
299298
299301
389866
389876
426749
504076
504095
514083
580322
580336
619790
118714
129893
129896
135647
135655
137470
152727
422436
426511
542810
542816
84066
85809
106341
137453
160556
161197
161204
187494
187502
264439
289981
290529
320213
372869
416075
423844
424008
458438
463209
464552
502407
519908
523915
523922
540896
545081
545155
151658
151680
155514
181310
181313
186149
186150
186158
333763
346015
346023
347040
347043
365291
430621
496199
496209
496211
498351
504865
507634
522534
529102
5114
7915
97241
97317
100946
102306
119010
119015
119032
132776
133368
154875
189431
194563
195458
207362
245092
271716
271726
291656
389415
389427
470962
470969
477548
477664
531244
531247
542652
544190
563137
599797
331316
334583
6254
116854
167582
174314
174651
179476
188790
194314
197413
197424
214596
250640
284256
297486
396681
413824
441397
444013
453351
453357
33528
92522
92537
92544
196991
268273
299535
336375
382282
384932
425859
73394
93293
110983
110990
120949
151402
151972
178898
197629
276992
470307
477144
497341
533027
533897
543420
543436
543445
596334
596348
596354
92652
210508
217795
268301
302357
315397
430637
433606
550601
22781
244443
244450
244466
249739
266287
298974
313158
323575
323589
434933
501289
87331
101990
101999
109168
275170
312937
360317
565978
5578
6380
6381
6385
32909
55892
76780
76786
148016
148955
156412
190736
199846
199856
283181
370842
379802
380932
480226
514061
529169
573615
63630
95157
99218
107016
162457
163787
180695
225199
225212
269936
430277
430280
450406
451003
451107
507006
507031
518045
519902
519911
524651
538929
13843
197619
197640
201869
201891
215902
229078
229095
309763
309771
377433
380971
381660
384910
384932
389695
389699
411692
420305
420321
479043
479067
523174
550793
550802
570974
19630
35773
39216
49714
57546
137394
147393
216931
216932
240749
240763
243279
315777
383256
426214
427360
563392
568644
40333
40334
89862
155490
155496
183192
183199
183738
233813
233814
239069
239988
251746
251772
253642
253647
343321
369159
369240
370501
382157
441158
457629
458192
459100
460195
460446
460450
65620
147834
233950
269147
283606
346275
347659
347670
359089
374196
425688
436926
439296
148197
148217
148222
150427
150451
183929
344055
364231
431519
446129
448561
471941
519056
51804
51807
85473
91644
117900
264725
267252
267273
38889
39561
40374
40378
251714
251727
254664
354782
354896
355271
367226
367250
403777
439325
512347
514792
518344
518346
518356
518456
518465
518744
518750
25392
46146
122450
125565
158348
260832
260839
269022
297586
370224
370544
424545
424566
425276
462938
494252
532761
12917
12932
15553
22955
149476
150742
189858
349029
349032
441989
458976
465184
476548
476577
507991
557648
31893
44960
61713
102668
102670
102678
103638
120822
125309
125315
126071
138653
159986
196734
235119
235127
249120
250824
270169
280131
281249
283125
283136
309253
309264
350657
354653
492978
31217
108429
203796
212884
220469
223178
240525
240532
309349
337191
337195
358522
358871
471704
227538
229713
272661
290870
290877
300002
387774
39871
43697
77394
77404
77412
98892
163679
207227
207235
223995
267696
302355
321958
325564
326764
356986
393857
393866
1846
44100
80196
104017
119422
119424
119432
119464
119467
146144
168655
190589
260130
353235
370477
465771
465778
466319
466325
37218
37228
42535
67995
127780
127792
255638
257413
257431
257439
271422
273462
275450
277290
330240
330256
330257
342057
374560
77394
242558
501069
2182
2187
14220
14228
140335
166439
363817
412134
412136
414086
414676
414687
430122
430127
438416
442617
451928
462739
462854
165342
372790
479863
484228
76132
86147
86158
124681
130185
132821
143296
163995
164828
164834
202387
228976
251426
371834
408487
408490
424500
424501
427531
443979
535656
150236
150778
150791
173588
180126
180127
183481
184268
211668
236924
236925
336246
346635
401325
415697
434594
434604
440514
440535
449557
457646
517386
115017
119807
119832
143033
173385
173647
292071
292075
327874
351396
397741
397743
422862
457260
458733
271434
292005
292011
315110
315137
390801
416040
416055
440078
464085
464092
481040
486916
114542
156786
278625
278641
281889
350715
355754
379717
476311
550704
550705
41265
41269
117145
170185
178514
178515
178520
180896
185957
233997
270684
280512
366012
392848
412987
412988
413010
432621
432733
2824
64199
109517
109520
110047
143270
153672
180536
191134
191914
199110
206132
206134
206135
206138
227221
231012
231020
261898
261925
285967
321469
327644
337066
379320
379323
401142
418788
418812
431281
434558
444057
444070
493478
493482
521018
521022
43884
81140
81160
97076
166419
177835
191711
191713
191726
219052
251524
293824
293827
299256
299257
352149
352161
399208
459798
472432
527474
200691
302977
306056
313532
375426
384984
388483
431262
461223
473354
483011
153737
153751
153752
157925
171951
194391
194393
225525
244033
247962
289090
304762
305827
305846
313038
365549
365562
366481
366575
433103
95828
95829
96520
97580
102415
168207
175996
196798
216885
295509
344860
385339
495476
523428
121701
127318
136007
136011
136013
136014
181664
181665
204350
218356
241518
241539
243206
245266
257426
284354
284368
295955
332643
90477
95293
120065
150812
184210
191641
212239
234997
239309
251924
297199
299924
321491
321497
370334
442024
442048
69675
79766
82442
83502
83515
105099
116281
141519
167967
167972
265237
395212
405002
495808
510278
46611
85220
133906
146248
146253
159594
241338
280929
280955
281335
287806
294276
313905
366338
370782
401687
424290
424301
460668
503987
503999
60215
60227
76648
93139
93279
94784
94786
94796
163700
265305
387436
387441
421969
443376
443381
522414
30896
37449
37460
98764
98768
170997
182442
182451
191376
281422
287123
287127
287140
306338
336911
398650
399290
423259
446784
450272
471668
471691
476522
58020
60856
110436
210565
210566
221064
223017
223567
223590
241142
245455
276152
280008
285310
285330
307975
307976
309363
408647
476222
477423
477428
512163
525888
154297
155795
333381
430021
461275
502686
37357
37367
43457
348301
400200
472153
515230
521995
61333
74601
103022
113381
113382
126269
126290
171508
377909
510034
510035
510052
35266
35278
57537
68296
68306
95461
105678
120983
130308
172587
178205
241162
245675
259058
269535
298554
302169
302183
336978
39547
95247
95269
137955
148840
153066
153474
198627
315595
358525
358541
358549
396811
405455
405473
405477
434039
446219
489607
489616
521089
521112
17680
78093
356706
470480
8102
15372
18850
59554
129033
134548
228086
265590
265592
267321
276786
311869
312275
368914
495544
495545
4810
11569
11584
27904
27910
34744
34745
34758
133762
134971
253655
316060
332406
409761
442950
1149
1154
2134
9502
11364
42366
44082
159677
159703
272863
272867
281705
311502
388103
474240
490227
490251
85392
155085
156717
158216
166371
210252
214940
224912
231678
238664
296436
298261
308599
320134
320146
324321
347489
429224
436206
446878
447237
448463
451990
457814
48984
58259
101619
114653
114661
149493
151992
152009
156641
182710
214981
214992
214993
230268
212765
212770
216776
216777
299824
299833
370083
406126
408581
408596
409893
432859
432885
440769
451493
63476
105756
119563
120535
189045
189054
197075
200562
282007
293833
333747
333749
333770
359074
365646
368579
377355
412743
485163
485166
39865
165628
165711
166270
166918
174490
181963
198484
213979
246036
324266
328891
337804
361493
384471
3919
3932
50077
108857
108859
112133
112155
171725
228940
272373
280137
280138
290502
361260
452594
474977
489610
24801
27125
28494
37318
37616
37617
54897
80858
125877
131742
172044
172060
183301
187511
187512
198343
198346
198588
198594
198603
254441
278671
278837
278843
283373
285698
285702
304295
350842
351475
351482
378117
412777
481114
13983
86059
97519
118162
131352
240845
240868
280234
416293
416312
445553
91638
205181
228443
353016
360883
362272
380141
382876
382885
444440
488567
488574
492309
492333
492804
111417
159169
281177
409717
409735
487822
18777
18783
111764
146519
146520
252067
346564
364481
44178
66704
79273
106666
131211
167319
217939
219576
232349
263668
277878
296214
313019
329141
365057
386131
386373
418733
418736
57382
57385
58827
263172
272616
341926
357126
357127
427110
445196
450261
450275
450282
126494
219218
269512
322513
322514
322697
322808
323143
327418
332903
347609
347610
348542
360780
364472
364476
374724
390740
398535
436153
93533
295532
295534
356641
405657
410681
12927
93559
94488
94833
121159
151540
173562
264018
322011
397970
434894
434922
464454
464464
464734
23553
69088
77794
77804
77806
82850
128286
128312
202383
218819
246282
305905
309526
331316
48979
179069
179073
237503
245740
245743
253467
253471
269741
287766
311274
311290
311291
314363
315968
344963
391360
392459
467356
473970
24094
24099
31748
35038
122107
123970
240411
358728
358737
358751
361574
369476
369489
470154
118163
118193
142960
154088
190356
195665
259608
299279
342565
342569
344787
352130
355269
79697
115001
125642
125656
125665
125713
129841
137219
137241
154636
246405
267283
289913
48158
48165
159329
180332
247395
290488
342245
365596
365608
367383
370323
426639
461378
463758
463764
465529
60573
62886
63996
87419
87424
90224
168685
189839
223496
270569
278790
317229
317252
350281
63992
100604
249961
293810
355669
417949
417972
67147
219455
219475
263673
263674
292775
328822
328832
366613
369984
404529
420930
420952
423541
425167
173523
239639
55208
154210
277420
334007
432083
432380
432390
69975
90441
124410
124414
204373
275366
358109
402809
427954
9068
27955
162346
162347
163014
195587
243083
269279
327810
410551
446845
462411
463773
45342
47487
47492
66959
115394
144970
192571
192592
249902
249903
250069
250070
265851
292246
311217
313757
354364
354367
366533
23636
59039
160731
162839
162847
276379
276392
293416
295648
295651
308169
56069
90448
158646
299604
357519
369696
382723
384312
403777
408022
409949
448735
52465
151171
164520
252793
272949
303978
303997
321507
321510
321515
371643
381879
389568
412833
165354
199512
206721
206733
235011
252342
300631
300637
349327
435282
39889
122950
124087
124095
169994
333213
343131
394362
395936
423470
150734
189057
205078
205102
283230
302996
302997
304251
336271
348000
370947
185827
292564
293560
293583
327441
338724
343554
344139
357858
358498
384614
170800
218333
219637
243385
243846
259034
334472
372402
372422
422554
438913
443589
443595
46581
65379
71772
164595
193336
231578
233495
339077
360188
386951
411670
424863
54441
54449
54450
121850
177134
191613
191621
191628
229917
283945
368670
368675
372389
421660
456313
14849
105467
105482
122659
157535
160605
167711
204417
206777
221879
221887
234160
234163
246459
265128
357533
373213
375627
388358
391654
405468
421397
421400
83651
83667
117138
117151
162547
402943
418072
430023
430154
33331
84522
84528
98391
133871
140187
179429
181491
204135
204800
204801
212902
232096
246297
246299
291562
293414
329087
348665
348673
348676
348677
348686
361865
361871
364915
365716
370898
372991
388090
414239
414260
416497
112307
141821
165207
165627
167330
167482
196414
196420
196432
205320
205330
213124
213932
364914
364937
392646
429945
429971
121766
158348
179832
179833
198260
223376
340449
366794
391604
422900
70539
71496
71505
76781
140697
144519
150546
150569
199921
232196
238821
246126
355894
392919
429246
91264
92275
93345
93362
118617
137655
144865
176451
218662
244657
244659
269695
269703
271811
271838
275588
344200
7979
39555
127258
129531
129532
189684
255908
373417
373418
380592
394247
397302
41878
60369
62708
89077
99199
102574
102583
102589
133295
137498
141254
160254
160259
162337
162339
166560
178012
273433
298309
306162
315827
325681
325687
326329
332918
332927
336803
413610
17006
22877
95974
107802
179723
439552
138561
260344
264701
264705
264713
264857
279470
283609
283623
291731
293144
303786
305469
305471
305476
305492
306064
326202
328789
396391
411631
414532
60823
144862
185808
330917
330920
25834
104444
119452
210618
302446
334465
398595
409360
425359
445702
445709
40176
64616
104236
229190
237852
262927
324264
327653
398640
406031
414482
414490
65033
71524
146002
370147
424943
424971
23046
172929
208775
228347
228348
358521
67815
67835
78349
87415
87611
87615
101414
105986
205267
205270
205292
252693
256446
301711
328705
364039
369794
369796
373841
404340
404341
168454
176494
222630
222651
222658
229086
271698
350455
350469
423798
13116
13752
91172
138983
141694
172593
294076
294080
328423
15563
107979
121146
158533
160028
160029
177745
177768
206530
206950
269358
295491
381652
390718
418224
49288
49303
56212
61364
92027
92041
96106
96107
102192
146597
162665
162688
197142
197156
16197
27272
66866
137448
147509
151488
178438
230812
247477
301078
302544
311574
313962
13200
13204
89312
89313
93872
93876
121962
143414
145579
242312
253231
264125
264138
294734
295632
346492
390349
390354
3888
4076
9576
63667
63673
115264
127668
129164
171096
199141
225683
231519
233358
236586
263213
269910
355610
414589
13855
129192
138300
189422
192703
196551
232221
240793
61278
81044
136923
386667
386880
394976
394985
424262
32268
35706
41694
42443
54678
121449
143223
340394
139858
186902
193412
193414
284604
33163
33184
52371
105237
137825
148909
203998
263924
274356
330888
363446
371787
371828
396824
412716
7617
8045
8063
84829
111194
156130
162711
186817
186820
218273
231475
231487
256727
278560
408436
38384
39325
39326
54705
185179
197461
200874
211973
247373
251131
259829
283521
295090
296046
296051
338518
344770
345610
110308
155416
349744
368610
368616
368620
369700
214066
246727
388500
27149
107437
112080
233376
239160
246005
319736
319739
376031
379217
8110
44378
75400
80769
167798
167800
221660
15821
61468
61469
76759
76764
88177
88184
184370
184372
184389
184391
273748
273752
291040
291045
291046
357051
357055
380842
380848
393553
393558
393560
38477
75742
231155
231884
258097
261894
271526
343151
392359
89426
89427
99262
99290
165741
165826
282570
314107
314110
382401
74237
136622
208918
208935
209142
210643
225488
232330
237584
255777
259918
262313
272455
277414
289054
313539
353606
354488
359781
359783
360749
370880
409303
78754
97651
98034
138128
156151
214848
275855
275857
275866
295449
379490
386573
386600
101001
123617
127170
186298
208525
216065
267847
288310
295537
306083
306265
306274
307591
316409
20128
68001
72978
194499
380572
380969
91635
157015
191821
235928
258753
284573
299359
361125
363052
363077
119778
128071
128085
171203
171211
194247
254428
254447
328100
328114
328126
60427
60436
60553
193196
217936
236583
255994
255999
321899
335006
368313
372505
372526
389626
156972
156979
302614
318762
341884
366694
74926
74927
110150
153366
177726
202339
260623
263292
267624
333112
378739
71084
71087
73790
104292
108305
134767
134788
167143
175212
188587
188593
195294
281051
281052
281491
315653
332220
356889
97692
106241
159570
169461
215506
215507
375152
389424
389427
389437
11204
11229
15344
92635
98729
98732
104110
128466
130098
235234
235726
348580
348595
380371
385140
64104
65253
131953
143131
143132
159500
159516
160371
164805
165093
217213
332603
340821
62998
155213
155219
192650
310503
318401
253891
297520
324520
344535
344539
350690
368061
9330
79377
293623
332406
345529
366163
181055
223085
168688
191496
192894
193564
277106
277562
282004
351293
290738
292337
108324
144090
144098
157368
316412
189583
242618
18447
44818
45020
45022
54071
64524
64531
86655
135330
216654
224328
295738
37241
37251
44237
46660
61321
104190
130489
130490
198775
239001
243028
272412
346486
348037
136159
137042
155555
156966
156977
180908
215012
252976
269746
271325
303841
325679
335189
377044
12659
60464
62459
79861
126992
127003
130321
134715
146317
146332
185872
185875
196971
253985
265971
268487
268500
114383
191810
192524
192527
209094
209099
336344
337951
353210
359409
363485
365078
47058
171122
207505
233585
233812
291243
295962
310247
358859
43129
54259
59571
65342
94970
97747
117378
144198
296420
311586
326903
359930
359941
359973
360715
73643
83745
159443
159451
163106
163114
164538
134348
152246
158923
188073
365663
27787
163652
163659
250435
250447
250462
304897
30887
47412
47867
54906
200343
202762
322839
59558
61182
70907
70916
70924
87273
122646
131938
131952
159439
159442
172951
172959
181581
188079
203366
208951
208953
293773
21346
46600
86514
86536
152567
175621
189407
196866
196941
212417
212797
162855
189768
196983
196987
197011
297306
299035
317990
322961
10244
116636
122846
122853
130325
132390
147530
153980
194543
197378
197400
232095
278517
286531
324525
348524
92427
96944
117173
142812
231564
241142
253099
320506
54701
54713
73881
74845
100079
134183
204472
212327
85840
91647
91649
98433
103468
155306
249725
37041
37042
99130
106499
118182
238388
238395
250854
262256
19663
19685
29999
30008
71412
71418
96775
109744
110143
135568
135574
156800
203154
233460
237422
242706
268642
268786
296046
84385
274534
278128
161981
165881
259426
350002
114034
114255
114267
114268
114276
214421
335892
158459
78075
101669
153508
206646
206667
242497
306679
309715
337726
32720
49262
49274
51739
65586
107112
107119
108963
108967
189998
190000
263566
263573
263574
285747
285748
291418
304280
343782
51327
59485
129524
230103
230126
256160
131485
137867
137880
142456
145023
151142
171294
191689
198909
198912
208435
229983
236882
244035
252504
252512
327073
281303
281304
346791
42676
60304
138132
207468
242352
243448
127648
161752
236053
236057
266022
137577
146983
153652
212148
226085
226090
319167
205109
207669
236193
58363
68506
248910
250092
251100
287664
291539
293989
307997
325993
325998
126034
213620
213628
13881
23988
83294
93235
93243
101764
134762
265908
21596
21850
21859
111517
135407
232765
232777
245715
300798
314167
307574
307600
29292
29293
60423
190923
192347
196530
218287
218290
231674
313721
299
7000
16248
16269
18419
20951
41469
41471
48552
49099
142059
159951
176007
206291
206313
220174
220175
249277
251689
291881
316851
321703
88998
121759
174474
186825
205417
207023
207027
246262
264484
277456
277457
67850
133610
227334
233097
238051
246477
324686
71084
75360
75364
130051
153339
153351
175594
184180
184199
185849
202852
309841
15795
15799
18764
26143
57165
75153
274803
279674
279685
335078
87012
218704
218731
258698
259797
274613
278056
6017
9242
175466
175472
279788
280264
288688
319921
319923
323547
323550
171062
171078
235269
237994
5377
88866
103043
103044
103052
121975
129972
178023
232381
263715
292808
59472
65525
128296
205435
242126
274271
280867
280870
291308
291419
33170
123195
185098
230630
231745
258288
268138
268147
268149
269108
284294
288869
68003
69396
70605
70626
73214
73227
107200
107204
107211
117282
125686
127554
137588
137598
187695
49664
94380
288657
78358
144386
155324
158181
158676
268877
141957
143074
143083
220481
307785
40272
40278
47730
47731
58454
61095
63152
80815
103409
103419
148254
152147
161434
209613
213633
220860
220879
277892
277902
277916
48628
56905
135087
191532
252012
287338
287339
287361
53553
65697
125833
151002
153794
176603
176613
179102
206102
277049
295759
296116
307202
311705
40569
126574
126601
154287
154302
120704
123896
180497
35973
86361
127667
127911
145734
145735
145753
197049
251468
46910
51692
57401
72613
94658
132493
301695
19836
32139
32144
41201
118959
120343
130180
145182
147653
158858
182480
90907
109011
109017
109022
128038
136867
216979
236259
31383
31411
46037
46039
104629
108361
123091
123107
127506
132822
137817
137827
212055
227181
228832
264857
294161
294175
296856
296864
96506
153494
153502
278808
283424
283437
307354
8436
17936
61793
69402
75287
121444
123506
165665
233675
5511
5519
17629
40061
51646
96720
96729
96863
96865
125809
127659
130574
130744
145816
171864
182621
183788
183793
184324
202184
245122
249145
257645
263704
24285
24302
95612
231038
265878
288901
288926
289056
293232
308661
316016
107662
189008
39993
39999
142259
163144
9561
217178
223388
257401
257882
301256
41442
59436
59444
92448
92450
92457
152180
196580
234383
288124
32066
122475
122483
181747
196330
233888
237071
272338
281625
288767
46095
52339
66063
78213
164652
180399
292905
293171
296867
107274
121752
243923
247247
15779
32115
56363
111187
124395
130166
174907
207617
207631
208619
208640
214880
214891
294993
295812
297898
297899
11130
33107
33831
100892
130485
130489
140748
269846
69014
157320
276342
52635
52852
58364
65559
209590
209599
209605
222715
222736
223297
247247
257945
19243
19271
81342
81343
135945
222247
289258
295170
295184
85488
92081
118012
119769
130564
130588
189780
190936
190956
190963
254499
123148
123151
125282
135983
135993
139387
158904
185429
194253
199970
203949
204702
267983
268728
268740
272027
66442
67886
127848
189767
189775
54942
74354
76425
113653
185788
248228
54061
213992
254652
254675
257514
271001
271015
272692
37057
37064
57885
72176
76948
76954
28032
28054
34156
35131
106260
126547
126554
243102
271366
276018
45193
84754
123754
126036
128302
130230
247849
250950
279347
296271
10628
121386
125115
127587
217153
239596
250355
266621
223073
234222
253547
270274
28476
48999
49020
72060
83253
115835
115851
97721
150980
177739
196370
196396
212870
214636
214637
218550
218552
30156
30177
60070
128776
172936
180747
207771
207828
208908
208914
5224
39601
40190
41110
41112
54676
54952
66399
66422
89173
219346
53720
53722
61085
64222
100840
106750
106754
109974
197898
277754
284012
288523
292755
96448
135198
135200
211456
211484
230070
272018
288207
56762
57537
62705
118312
232148
232160
238305
42027
87964
87970
96150
148132
148138
148326
148329
158093
158100
186069
208186
208188
208203
212639
212641
235528
276515
34680
34682
95783
95808
143968
254874
292200
53352
53353
54063
54083
56554
67217
228632
228980
228985
21073
45974
79267
79272
91578
91602
168274
198265
200560
200577
239451
275269
31342
53121
131483
247249
247253
272850
491
45565
45582
45590
52345
59283
60503
60520
60548
88971
116253
149848
181312
186771
209259
209284
215297
217688
238710
238712
244574
261663
268415
10568
48260
48270
48276
48298
167932
168430
197502
203291
224207
237059
271920
271921
9279
9289
9300
9303
104222
209945
245808
251586
253678
279572
28996
73136
152403
152410
181452
191826
218747
278833
279730
282516
232114
243482
65911
195739
31775
37852
43772
50869
85400
183865
280330
45649
80518
154301
210304
218446
218459
248524
253716
47017
47809
100178
187367
187390
226910
230519
239404
54207
67041
133856
187769
44452
45346
76015
94147
104608
104632
118923
155197
155205
157960
167624
191254
200065
209193
219467
260361
289939
30625
30630
30631
56512
57141
77850
100718
216315
240555
240580
85361
276330
276344
39836
95527
129713
205417
205440
267620
267629
267630
5739
21866
21868
94538
94540
168372
271548
112100
133628
168596
246716
134135
209693
215750
8018
8033
97936
98920
143519
178418
252460
95378
137705
137709
166076
166096
173139
173144
177742
247784
247785
251076
256248
89436
165896
165920
226845
226850
167615
176957
241280
3657
29611
52123
101120
101583
209773
219866
227846
228612
50974
73328
119674
122510
150203
266582
270995
29496
29508
75545
133031
168816
127814
170427
238079
275026
275047
17243
36476
192452
209246
225346
264385
13377
13662
37661
75877
90927
95076
96243
114995
127326
177897
184677
202141
214369
114369
114376
124084
208358
208364
218684
219781
219795
247260
247263
93097
221579
222023
222024
15757
76127
87238
112108
135106
139140
174432
181039
181045
181062
201867
201874
64846
74391
76922
35680
57029
58430
68182
68183
68195
90012
95451
95534
142703
160592
160604
182046
226033
259869
43418
43426
102730
185462
185663
24853
111254
174869
200705
245860
79415
86733
97077
164439
235930
245418
127336
207506
249237
59433
102973
156272
176601
185344
187977
229638
252323
64979
128535
152360
175073
183771
201058
221816
222638
246625
70524
70529
92209
110478
113548
119581
119582
170675
197953
262032
268399
31387
86770
94248
130340
141774
152908
45176
45195
167847
175054
210884
236719
238806
248980
249439
263338
263944
56689
56694
78345
78903
78915
80650
132830
132832
132834
133987
133995
151006
151011
157051
164934
213885
227965
197194
202244
225557
225579
225947
231282
15151
62920
107686
108418
111816
120660
123819
210005
244245
75387
184333
199030
65861
65865
57713
80224
105029
115353
203591
90076
122841
158612
175289
192960
195319
195325
217583
30622
38420
189839
197776
237647
35587
58579
137478
203197
38017
38020
45384
53487
110185
110198
110213
181349
202043
235256
23686
89559
95280
200021
200726
207251
207255
207256
209476
212041
220471
223445
92106
123454
140154
153292
153313
161293
163018
173922
173929
185319
257826
40964
111210
127575
207322
243965
244039
54269
55486
91584
92580
244680
59249
65198
236143
90732
16540
16567
41654
41658
78244
91979
105640
111033
112178
114143
114147
126361
192658
223282
232271
77888
85559
113858
148711
166690
195059
195064
207912
207916
68672
68858
69885
105885
111456
193034
256493
45038
64049
103593
103943
103961
113193
142862
146955
146974
151138
151139
151140
44765
55197
85879
88834
93415
102579
110656
142073
151091
161237
162652
162654
186882
39683
47678
193969
199574
199597
222139
222148
239608
239630
17459
44836
234990
99262
113027
113111
115296
118878
133949
161544
161563
161565
223381
89056
134049
134050
199593
85388
171156
194884
194888
14342
23066
23081
23095
58645
164230
165241
107422
150642
99365
99379
195439
195506
202891
228623
107945
150479
150501
242780
84729
98597
126708
133337
51897
51913
56124
58953
91404
91500
186713
56272
124764
173823
173887
177118
37480
38998
137577
186308
186329
226132
120769
179708
179719
200188
200192
208247
149455
40382
104516
104517
104518
137692
217960
61813
181409
194416
187827
210598
228045
7042
54039
63852
5368
11870
14824
104020
104033
104294
104321
104383
104955
147624
160997
188595
201384
201396
215716
216043
229172
229173
124533
146045
212212
124240
124241
159966
166881
73166
73177
98958
191422
191428
191433
216241
225824
70406
70428
71861
79607
95724
113350
151178
7708
98574
98577
98578
147625
180177
153385
153387
162287
189498
214609
214612
40828
65609
66655
66668
104411
155504
155515
215333
86490
86497
105550
112065
115471
143967
175279
18794
83855
89610
104576
150861
150868
192153
238597
238616
9191
9192
13710
15030
18752
33577
44318
46393
88783
88804
206616
23491
27668
42511
132462
147349
162683
169137
22338
22343
45632
57525
123661
129586
17249
48196
48208
48215
48217
197206
213982
27048
60847
107760
108225
143858
205413
197598
199295
199324
231590
64864
65276
195370
195384
216813
14274
29476
54202
81922
81932
92312
137275
151398
154957
154970
124558
124684
130488
135542
168853
183953
48589
70266
72783
79119
79207
136103
208505
84718
90214
92108
92688
76811
208834
24258
33942
82116
96559
96563
106798
194784
194787
194801
199445
199466
227546
227549
2047
68466
84784
93430
104683
117992
122054
122060
165289
207870
58944
58946
92171
153180
42309
51078
56530
79625
82921
110811
51624
56665
56683
59545
114243
88794
96234
122811
122834
124201
205784
21923
21924
93532
167155
167174
204546
80176
123999
35112
35122
35127
85885
86061
92080
107642
148398
149345
162021
169567
207392
92241
36786
41419
76219
118982
119001
131738
131760
166934
184736
193620
205644
60419
62872
197350
33928
48265
53858
93866
93876
102394
125616
136279
218170
65201
92898
92910
21566
29281
107368
149725
170952
52018
106265
141637
149714
149720
151750
175446
179403
186522
186524
7115
28354
28379
37480
57649
57666
60440
64284
67324
67326
67328
162546
167352
189177
189201
193965
204472
2048
76107
76111
85482
85492
92043
94716
94724
124984
125001
168224
173387
4075
68217
95928
108052
112808
112816
125853
22297
22300
159636
159656
44827
53111
53124
55063
57813
125784
125806
146390
172117
172126
178182
206419
2494
3064
135111
135118
173866
40701
40708
65342
66086
96882
97543
99809
65278
65497
81872
106575
106598
169631
196604
20687
23468
23492
32009
127120
178910
80635
88495
89451
116484
23722
102374
191191
17278
40276
95634
119934
152237
162665
162685
165351
38157
38159
49447
88728
155423
19324
19325
19507
26175
178432
189212
121324
187724
31746
31749
41040
58316
87965
89195
79039
100770
100791
165880
94295
95816
170088
181732
189110
190611
29701
29709
30692
30694
142411
157891
35648
35666
35673
37792
44463
60060
64954
71915
71916
86639
102806
110203
110213
181131
77211
77214
173718
20412
36261
114322
122908
171027
196641
37954
41143
41161
46433
90046
90427
90429
41447
41467
41469
58774
61915
71618
71639
102551
180661
32046
32054
32669
39085
39365
41524
97828
36696
45196
75748
75761
85611
85693
85694
96266
122475
122997
129743
130417
130439
138799
139117
172455
172483
164972
172539
87277
87285
87296
87297
45158
64383
80971
150330
167087
167088
169937
200358
200375
18479
18480
18481
53843
53865
111825
111838
162726
162735
169437
169444
16335
34971
55888
55890
127201
127210
127226
68776
81903
81916
84049
91042
139310
172438
172461
74548
74567
134529
138965
138992
169927
188131
6993
7015
54728
58996
62759
65061
65076
149713
149739
152603
195560
22907
22920
22925
22927
61317
61319
69566
80249
84897
92397
173386
173390
88624
126693
78749
119994
149988
5116
22254
38544
40042
60997
61013
62472
77257
111285
111296
141547
141563
9295
94248
141477
2301
24685
24690
27665
97163
110169
126520
126528
10622
86830
104744
7426
10240
10244
10251
33586
45431
106033
106036
123335
119565
152987
153014
157336
157343
157358
5323
5332
40825
65243
104508
112529
113621
131466
107210
126925
126934
139741
11318
59839
90284
99943
99945
101297
5161
51800
156193
156199
176115
24249
53926
58868
63994
91941
111347
127305
15100
38262
38271
39785
75162
75173
85107
89444
89448
33314
40201
40204
66599
116015
116388
116626
141439
145584
39314
69136
137902
159087
171570
714
15886
15894
15905
20599
28979
29445
37173
37201
66074
91731
91734
61986
61988
70241
111934
127204
128556
128560
128566
56881
58132
67088
58893
113449
4646
4647
41508
76889
122108
123494
86600
134646
134666
163318
29309
49845
55225
55247
55252
55253
69563
73474
74784
99524
99529
102845
105626
133842
159949
22184
56924
119224
50580
50591
74955
113962
47072
63100
64777
64874
97942
146667
59
29714
55412
56623
66457
66470
74873
74874
103945
119903
122390
42721
49704
49726
65599
70435
129228
139524
139533
139627
167450
18474
22180
122148
141096
81014
81029
108225
137397
151231
154950
4056
53274
64506
80337
80349
101621
110286
110297
121924
136584
136585
33469
58348
104090
104113
117242
117248
117468
123829
123832
132710
133096
133116
155066
172503
83848
85854
85880
95526
107383
136515
137753
139771
144179
144206
157896
166438
166441
99841
107104
108992
109013
122182
161323
166852
168789
164811
49926
61774
61784
98125
111675
149012
57612
65155
75125
98236
104712
134862
144448
161798
172604
100248
47318
111880
158667
163553
12900
102714
107630
124769
125545
135377
150841
24903
37433
37444
63127
63132
79319
127568
127590
31793
50223
56219
90924
90946
103321
110448
124114
154317
57143
88072
98388
98389
98400
115855
116290
116305
116306
118722
151915
151919
151922
159401
162702
162704
165499
31450
80925
81800
134765
140676
30045
100884
107244
116097
156047
157331
8878
75108
75110
111475
111496
111500
113658
118542
153925
154297
154302
21702
93713
52524
55627
79768
112442
51351
66428
66439
153680
141291
156060
11110
13322
24481
87467
137171
160827
16058
18118
78609
78614
50697
50698
106114
114717
123872
133015
133017
8452
88337
88345
88354
94552
94560
113711
39773
44690
54451
55548
59323
128559
47015
67062
67879
108673
105521
152005
14525
52024
71166
73464
150217
15498
15508
33326
37010
75480
41902
41905
49815
64138
52507
164894
56646
56667
56672
66400
66401
13037
13058
6950
118307
156850
157260
22975
59172
75841
75844
85963
93201
111434
19226
19791
19984
20450
114798
146445
7960
26563
81836
163179
163821
163822
58328
19687
19706
68755
110748
111636
29041
35800
40256
58485
28738
12585
12592
12593
12595
12596
12597
14028
14033
19061
65691
106701
125771
12913
55734
55741
55754
110302
110304
110305
110311
121159
136819
136825
3188
6648
6663
12734
75947
75959
78793
135120
140379
140386
140406
28768
98617
1757
108653
73252
41214
41221
65112
65123
66367
125190
141321
155558
155573
65160
65184
76097
77406
138204
63411
74692
86483
94821
116241
118747
118749
118772
67321
83428
150563
151798
153257
129117
97156
151817
9533
30780
42387
42389
93645
116987
116988
137904
137909
90148
106522
106525
106547
151894
39733
141227
48483
55789
55795
95387
115109
115110
116770
127294
113218
116187
40381
42896
95542
116323
116337
119991
13593
15503
88423
93534
124560
134135
134136
65079
135934
2413
17494
34361
44305
55965
55981
60776
63424
72881
72883
71443
87975
64979
65622
34196
78095
105584
125622
135711
135712
24399
136918
136924
136926
136929
10478
107180
20551
81362
87802
3292
4443
4462
81553
13175
63018
63386
33901
33902
90518
91005
110850
110853
23195
36152
111544
111547
111569
115421
2901
31263
62713
77475
107239
18188
79430
79754
80289
80293
86477
106576
106584
132449
138350
39236
39253
39256
18999
19014
1937
20086
37961
37962
37981
37982
54380
7025
120727
29978
67822
100680
123974
123994
124472
137542
35832
86003
122116
138873
43695
23257
23272
76524
87416
98050
70556
93276
59246
61628
61781
61782
61784
82360
82366
94809
107664
107670
64746
64749
65208
65221
133655
7683
86982
86983
90200
95773
95797
83327
126619
129409
69560
89985
90001
50755
22874
23669
28053
28057
28071
67586
89982
12175
43364
74168
4852
5946
5972
57684
61455
64673
50640
50652
60227
60231
80926
107968
107981
72450
72452
75835
75845
76042
76045
51744
51767
52881
52892
113510
118864
55809
49496
92625
2135
11871
75727
103333
33287
33296
40146
44412
63155
63179
63182
87905
92291
92317
20093
21286
21298
62718
75307
96321
96337
96971
98620
98640
42147
89440
48620
71990
91423
15317
97614
21093
21098
48223
48226
53981
61073
61074
86222
91515
96148
12504
12505
45585
47183
88664
88678
101297
101299
101308
103361
113211
50643
53485
53494
71508
44610
58177
32113
32126
87591
87600
70796
70800
22858
41535
42475
98832
120636
14662
44574
44583
96586
7755
7772
19029
75198
104207
109363
688
40842
40846
14187
14199
21890
43788
65442
69315
117889
61168
76189
83621
19666
19667
53154
63086
85276
85287
85290
34239
99400
8374
11240
11251
23486
25220
65175
54383
28099
90754
90761
13331
87683
97299
97323
104803
61251
61255
61257
14541
15812
105367
112071
113063
113084
113440
20777
20800
23390
45944
45965
8103
31616
34938
34940
61589
64654
64669
46428
46449
62070
62354
62872
102477
3742
46564
67751
13831
40499
97263
101896
101903
101922
111403
75325
5919
5944
11468
11715
27109
27115
5072
6956
73610
19690
22537
52232
52235
58066
93018
67702
21573
87198
12381
20473
25936
25939
25944
26060
41887
42303
7890
7905
43844
84210
36073
60332
60359
78504
19228
38345
47578
99098
99101
39931
83353
38343
24212
24215
36157
36158
56490
66353
66358
85501
81389
29279
50887
50900
50903
4467
13907
51649
53069
75550
16391
47279
73076
37154
37160
37163
58065
63651
63652
102743
102750
40361
71392
77999
89801
82690
95027
86771
51551
67149
89733
13825
16413
29753
32696
28006
61583
61605
83580
79191
77953
33869
36769
58118
60102
80867
84049
22594
23444
23466
24434
24934
28861
28869
95443
96786
43281
54096
57138
57157
92179
23519
42230
87287
93428
93429
29559
69639
69654
12983
12988
18885
4384
4388
4409
8050
11189
16281
59941
30727
55638
55951
57196
24509
24537
3261
23031
28019
29996
31481
59827
67517
70539
70540
43481
10995
37279
85508
45654
45792
45525
46152
46688
55421
55422
50985
85245
1210
6827
18717
18739
51746
4329
4341
52125
53441
7274
19669
20038
51913
24586
24587
6784
24233
24609
24635
50250
74280
74289
74292
42570
41091
7632
67047
46396
4195
12623
70376
70377
9617
26070
33343
68052
33691
40543
7375
7378
7386
69862
72908
73449
73460
64671
33925
33937
35371
15298
866
17118
36575
37889
37898
37904
15480
413
429
68178
27370
26161
26169
39479
44572
35939
47294
29824
32506
57110
26747
32019
47441
14552
11404
11407
11413
12679
12966
13724
48626
7139
14586
14613
36720
64306
22447
54952
55243
37634
37651
10391
29243
29258
10859
10860
66564
46510
52423
52431
18257
18259
61951
61584
7326
23375
39366
11424
26985
36266
45926
6087
6095
19279
19284
25314
33210
28888
41984
29124
39834
43239
52926
52937
52938
44884
40966
53450
29124
37233
37238
1791
1881
32635
32639
50256
51170
6566
6731
6752
11368
3393
10776
51174
26856
30600
6529
6535
6545
22259
22262
6922
6931
23842
25227
25231
7962
25053
25062
25069
20189
16668
2701
2712
4156
16602
19596
24515
8254
8266
10963
10986
11412
12551
25882
17212
22494
4960
17677
17681
24957
35689
5915
13720
13731
8461
18561
31876
12976
18256
16356
36415
36417
36420
13986
23185
9542
9551
17575
9336
32763
15944
4951
9378
18908
19738
35601
4752
9892
31555
18650
6879
6887
6899
33396
32314
10022
20035
40829
19492
34847
31701
29785
4984
26967
9785
12511
13858
13865
36066
15357
15378
12869
9311
17040
17043
36629
36655
9320
33643
27657
19563
11917
25261
24500
32166
23512
31192
34223
23097
10466
23029
23051
16421
16427
16447
14266
14268
14275
15685
21086
6863
7979
23477
29189
3837
4235
1413
4666
6654
6454
4619
7225
8081
19418
11783
8354
15851
15861
18154
21724
21725
6631
14202
15105
15117
19667
22329
12100
20729
10292
10463
4602
4606
10828
13149
2061
9617
18034
10867
2989
6807
12391
12394
15623
6601
11671
12935
13416
13439
5537
302
325
6884
15837
9584
10301
10311
10314
591
8903
9222
2537
4730
10530
8642
8652
9123
5369
5375
7914
7926
7929
8883
8885
7107
7114
2499
3946
8898
9706
9710
1503
1512
1521
1527
612
2582
3018
2414
6094
2183
150
2808
2691
7135
101354
101360
164359
214590
225614
228470
228482
343376
494096
537774
568815
589985
589989
664474
664477
682438
743961
749106
749373
796464
845744
1085396
1267002
86889
137443
146306
177852
177858
177876
177880
204437
204442
209093
215170
225226
233320
269751
281340
284952
480123
555515
601173
610603
612927
641997
642016
648941
648953
667709
877672
882910
895382
911114
942368
983672
1011016
1024909
1025368
1120853
1182107
9449
9463
98324
122773
199680
222829
233726
281150
314995
337074
356370
356382
362624
362625
468755
471633
568831
573843
699651
802474
802482
976242
4236
9696
94435
94449
157299
188289
317958
450224
455261
478930
646625
646638
677360
682041
682060
714118
725017
32259
34559
40971
87989
88010
132883
164228
187020
192117
273772
275514
299306
368902
407906
407928
425420
425745
425754
437788
448778
505143
525859
525874
10867
10871
11875
11896
49765
83206
83230
85922
140323
140948
308995
310795
320837
334426
334428
409337
409346
409351
441273
482520
487679
538272
538274
540343
556404
564966
6264
11657
11666
30182
30192
34218
34240
45222
45482
50905
106241
150910
209253
221298
221302
261726
315175
315183
315190
316079
316080
320233
455011
464362
483097
527852
527865
527866
73515
92088
92093
160895
224018
224021
224025
290282
334468
334470
454389
454391
455332
455339
74260
260825
286340
295698
295705
335506
338991
454621
454637
25808
27859
157878
163475
165496
229875
229883
229884
229887
240144
480859
481073
499005
499237
499240
108385
270764
270772
431816
88539
118324
176070
199012
218410
218428
246565
342717
345623
9099
30715
30804
30810
94946
94957
121131
201406
207133
263075
282562
305773
308442
308460
39908
40580
307335
17613
17615
25206
26538
29765
39182
66114
245453
329931
67513
80325
112566
162003
177130
194592
245327
246261
246265
279982
279985
318276
318278
319297
319317
319320
3925
4005
19536
52628
89971
94788
116941
214679
214688
245558
78384
139705
173175
187329
206062
214807
75165
75188
247812
258305
268352
462
466
21291
21299
44094
44116
77981
108660
280244
280249
188625
188643
259352
260365
268244
57445
57465
57619
84140
100474
130951
131644
150453
173359
173366
187762
196344
196345
245765
251170
19822
26249
28647
41919
63408
63422
97758
186291
186308
132192
154481
16488
37465
37569
37594
39469
57847
57869
102777
126458
146521
146525
175498
207346
207352
211524
211531
211532
42667
163555
192725
95032
96980
147815
165467
48872
53972
67752
69081
79557
80091
91693
124522
124525
125676
15913
37267
86893
171926
56065
56077
71665
85060
85086
89917
110933
128302
132782
132783
163724
163729
164182
8858
8859
8861
44839
25693
9088
9093
28786
52889
119947
122296
128656
166773
166781
168767
170125
181458
17234
117205
141888
79980
3302
66949
102585
105820
120782
120789
144646
170262
72861
72875
133979
57983
57991
92797
104678
131654
132694
65676
65679
65682
114148
163324
7866
32207
23044
23045
37821
49904
50243
54293
141436
50425
50427
53648
95043
97111
97115
97176
97186
100814
100817
106190
123874
124871
159533
159534
31785
46616
46630
83733
83735
84512
84520
85240
95167
95180
95187
112180
114046
119857
119866
126126
150913
13124
13684
18931
45910
32908
32931
50113
60885
66681
144241
68935
74675
146085
43048
106099
135132
30663
36886
36889
49214
49216
63974
69878
116902
65732
102684
102786
102925
108818
108820
108840
67130
96890
102005
70630
5099
41074
66887
75395
4170
35539
40853
43683
46629
93172
123785
43385
52552
52563
47513
68370
81436
100431
100455
102984
103078
29569
29578
76782
67917
96493
3685
20534
20557
48858
37563
37566
105405
8642
8653
78620
78628
93814
93824
84078
93073
7069
26640
86812
96291
85491
6979
6988
47560
100837
100841
12232
43388
65207
65543
74352
74373
77526
100504
25327
49335
31573
50373
80147
64531
100711
17904
17927
23691
23712
86803
86807
98814
100542
100547
25917
25939
31723
65276
36307
95528
34662
54233
54238
86285
86286
86287
54794
84112
85895
88093
31243
64465
74270
81144
11249
22522
28857
28871
44556
44559
20058
20069
35554
35558
47054
61732
40210
40216
40224
40232
3498
3503
43428
44039
44056
46025
20902
26637
26643
37848
1790
8273
7270
7273
7289
33545
31711
22035
31667
34821
35456
35467
40651
20376
23561
7472
8530
35967
62642
70747
70761
70766
71588
20743
18975
26961
27455
14492
17845
22268
22290
61199
61257
63425
64022
64033
49952
12017
12021
12029
12033
15723
15738
60989
60993
61003
61017
61463
9202
23416
15760
15771
16506
16511
33375
33387
33389
54764
54854
54875
54878
42215
47402
49836
57651
23308
14164
14190
13748
29252
44518
49219
38387
40456
32405
32411
30198
30209
33852
30354
30373
36413
36414
1854
38338
32163
10510
38623
38722
38738
38748
1455
22123
49541
49545
4811
4825
14783
28077
40389
40409
12561
18305
22957
14500
32635
7558
30647
35778
36440
31278
9409
35518
35532
24126
36283
28652
14883
6356
6366
19330
19350
27057
26354
31494
31498
5999
845
848
10050
14208
14219
14682
30293
15797
15874
28145
6060
6464
18714
18389
18391
21427
7142
13113
15779
19227
23372
23373
28020
28039
13383
13389
8526
9068
18145
19533
19555
21603
2321
5753
20041
20049
10584
10586
10594
15202
17865
17867
18511
2006
2019
2028
5371
18844
10652
21747
11863
21938
1543
15201
12269
5059
5076
5078
5564
5223
16423
12544
7449
5442
4152
17385
9629
9888
9899
12007
8569
8369
1761
3124
3126
4153
15971
13708
13716
2932
8655
7390
7376
11729
11138
48
58
71
6055
9169
4699
4720
8389
11145
11167
9152
683
7370
10717
10719
10724
2040
2042
6272
11892
11893
1596
10985
3776
6308
6320
2066
8204
8260
8319
7568
9596
624
4460
6004
6008
82
1440
6044
1149
5837
7781
2646
8593
4101
4110
582
2195
2643
6984
7293
7297
7306
3562
6770
5005
5006
4028
4030
4032
4488
28703
29675
91352
208998
237791
296876
297640
322080
413429
416248
493511
504305
517793
579721
583874
591952
598437
642123
654419
655733
9380
9405
137903
315583
315584
315592
315949
418425
418426
458600
686317
686325
719341
31656
61442
161816
166679
262390
318428
489488
560557
584298
584303
594194
639592
39663
98962
173860
173874
228781
252752
317249
317256
426222
512935
513108
518062
545958
547144
547165
562487
599288
599301
192073
195336
211164
211166
249427
249428
358853
361915
404973
404975
407693
407699
409501
412762
422402
430765
7779
15204
75653
75663
76053
90704
136426
251419
312526
319157
333208
367740
392332
441218
447687
452394
27042
40374
40385
43517
46360
165739
165744
172864
255315
255319
59909
88533
109614
111328
111867
128264
133751
142965
213110
214147
278091
278828
297384
312334
4091
49504
55079
77832
77845
87594
100740
228653
237106
237116
330801
360841
360863
51204
125211
134727
134739
148470
154787
230568
233519
246202
246208
246391
270084
321067
326536
22286
23868
33787
182029
209781
230832
230843
18550
47350
116692
132742
160800
21368
27695
41850
63644
101818
102934
103277
181530
213527
7917
7925
45994
63886
63892
123967
15251
34917
34939
35856
35860
54610
182744
193657
228050
228073
240697
253941
257790
257796
260241
80258
106805
171821
220617
70050
70061
74644
93402
97048
97051
134626
141981
160033
177955
250046
204756
221878
225230
11689
110580
114340
114341
152855
152873
152874
176324
11761
78527
209775
25217
48899
70679
95378
95379
153433
188913
46597
48075
67862
72454
72455
74925
195935
196992
216257
42280
191249
17480
119521
141431
141455
158202
176432
6720
6742
24074
24087
131154
132532
132953
153508
142549
18436
181620
192288
12234
52958
63626
158512
168546
5846
20123
85794
47316
47337
62724
85498
100238
24126
24137
29822
37286
47363
74524
74905
74908
74916
89853
140912
149483
52926
52939
61928
99367
120549
120562
137182
36300
36364
80655
120542
161851
38796
50457
50473
53837
75772
132235
132239
132289
132308
152168
129289
17899
86970
11641
58243
79974
92534
78846
64684
67025
71649
72207
72212
82167
99044
114857
114858
6970
6978
11415
11608
14413
14650
37733
83151
95137
95157
3635
21339
21346
22999
25029
25038
40583
40588
95055
110201
11660
24300
24308
31634
31656
96716
111456
38179
93055
32388
32389
61577
35399
36812
42609
42618
48397
48411
49518
49536
11070
43949
43953
53733
76130
69193
82557
95490
6605
6572
70690
88769
53840
11849
27440
10626
52118
60068
75984
84825
88675
11836
64290
64293
66425
22714
23265
32995
33012
63507
53642
75206
51282
65366
65378
77926
77936
77944
13852
41661
41662
41688
28316
4399
4402
15540
15543
23325
23326
25197
31705
75785
3054
3058
18399
28302
28317
63625
1105
31384
83381
7342
13334
16774
24474
68945
68948
9171
9173
11067
33463
54699
54708
54716
1744
70477
24103
63674
41293
53783
57605
57970
58631
52694
52695
1091
1095
34538
48771
33771
37832
41867
26146
52279
62235
37129
52100
13530
43893
66048
66049
33775
42038
58817
58845
31340
39493
39504
25312
25329
56351
51157
28896
41231
45593
19552
19574
6261
14635
14858
18905
8495
53760
53771
37969
37978
19074
850
15446
39280
52291
2184
2211
14185
16103
48254
23705
32564
43259
23083
23086
44562
41046
41052
38407
29079
18278
18286
26784
43680
31223
28709
34384
14158
35504
8687
8690
16588
15250
32486
34766
30787
507
509
12671
29514
14879
14899
31753
34836
2501
2512
14709
12949
6442
3289
751
24309
2979
2996
22003
14441
15476
7095
7120
8714
25065
25067
2328
2336
24978
10219
13876
13885
14178
3109
23117
13627
12577
954
965
8342
11924
15608
10335
370
10047
7110
12379
15164
333
14921
5790
5798
5810
9797
8188
8677
9297
1435
8755
11840
12810
12822
12823
9744
2624
4226
6050
8744
7358
7366
7367
5671
4505
6316
7322
7429
7453
2831
7318
9131
6000
8007
7984
7995
1509
4808
3142
4377
4401
3343
4477
4740
5332
4991
570
579
1879
1902
3817
802
3042
1393
1436
2047
2279
1090
2781
1180
1445
243
265
1862
1843
1861
550
106
